Classification Report — CBOW
(includes macro avg and weighted avg)
============================================================

              precision    recall  f1-score   support

           0     0.7643    0.8036    0.7834      1884
           1     0.5484    0.8954    0.6802       937
           2     0.9169    0.8233    0.8676      1890
           3     0.0000    0.0000    0.0000         7
           4     0.7464    0.7380    0.7422      1061
           5     0.7273    0.7826    0.7540      3436
           6     0.7732    0.8640    0.8161      1728
           7     0.5183    0.4058    0.4552      3736
           8     0.7265    0.8480    0.7826      3264
           9     0.0000    0.0000    0.0000         3
          10     0.9392    0.8820    0.9097      1856
          11     0.6546    0.5330    0.5875      1593
          12     0.7980    0.8679    0.8315      1893
          13     0.0000    0.0000    0.0000        88
          14     0.9257    0.9139    0.9198      1869
          15     0.8979    0.8418    0.8689       752
          16     0.8766    0.8698    0.8732      1789
          17     0.5704    0.7325    0.6414      1615
          18     0.7849    0.8676    0.8242      2810
          19     0.7477    0.9142    0.8226      1864
          20     0.8340    0.8548    0.8443      1798
          21     0.7911    0.8204    0.8055      1782
          22     0.8773    0.8130    0.8440      1733
          23     0.6686    0.6874    0.6779      1638
          24     0.9401    0.9674    0.9536      3439
          25     0.3740    0.1466    0.2106      1337
          26     0.8361    0.8558    0.8458      1734
          27     0.4156    0.0863    0.1429       742
          28     0.6446    0.8075    0.7169      1855
          29     0.7765    0.6629    0.7152      1682
          30     0.1512    0.0192    0.0341       677
          31     0.6667    0.0076    0.0150       528
          32     0.5983    0.6797    0.6364      1258
          33     0.9564    0.9659    0.9611      1114
          34     0.8993    0.8462    0.8719      1404
          35     0.8403    0.8511    0.8457      1014
          36     0.8386    0.8787    0.8582      1756
          37     0.9734    0.9113    0.9413      1849
          38     0.5258    0.6009    0.5608       882
          39     0.8339    0.8462    0.8400      1626
          40     0.9367    0.8713    0.9028      3465
          41     0.6899    0.8226    0.7504      1888
          42     0.6146    0.7935    0.6927      1598
          43     0.7689    0.6235    0.6886       603
          44     0.8971    0.8836    0.8903      2122
          45     0.9282    0.9008    0.9143       373
          46     0.6406    0.3130    0.4205       131
          47     0.6226    0.5301    0.5727       498
          48     0.8560    0.8610    0.8585      3044
          49     0.7601    0.7438    0.7518      1448
          50     0.8630    0.9010    0.8816      1293
          51     0.7902    0.4650    0.5855       243
          52     0.8314    0.8629    0.8468      3428
          53     0.5478    0.5774    0.5622      1647
          54     0.7583    0.7739    0.7661      1849
          55     0.0000    0.0000    0.0000       326
          56     0.6770    0.7486    0.7110      1078
          57     0.9067    0.9499    0.9278      1995
          58     0.9776    0.9231    0.9496      1652
          59     0.6622    0.7678    0.7111      1723
          60     0.9057    0.7938    0.8461      1731
          61     0.6638    0.6772    0.6705       694
          62     0.9097    0.9403    0.9248      3248

    accuracy                         0.7836    100000
   macro avg     0.7074    0.6923    0.6874    100000
weighted avg     0.7749    0.7836    0.7731    100000
