Classification Report — Skip-gram
(includes macro avg and weighted avg)
============================================================

              precision    recall  f1-score   support

           0     0.7768    0.8811    0.8257      1884
           1     0.5867    0.8164    0.6827       937
           2     0.8828    0.9206    0.9013      1890
           3     0.0000    0.0000    0.0000         7
           4     0.7493    0.8115    0.7792      1061
           5     0.7681    0.8021    0.7847      3436
           6     0.8180    0.8374    0.8276      1728
           7     0.6193    0.4036    0.4887      3736
           8     0.7675    0.8447    0.8043      3264
           9     0.0000    0.0000    0.0000         3
          10     0.9154    0.9149    0.9151      1856
          11     0.6514    0.6767    0.6638      1593
          12     0.8579    0.8896    0.8734      1893
          13     0.6364    0.0795    0.1414        88
          14     0.9205    0.9411    0.9307      1869
          15     0.8909    0.9016    0.8962       752
          16     0.9152    0.8988    0.9069      1789
          17     0.5852    0.7975    0.6751      1615
          18     0.8752    0.8434    0.8590      2810
          19     0.7620    0.9206    0.8338      1864
          20     0.8935    0.8960    0.8948      1798
          21     0.7695    0.9046    0.8316      1782
          22     0.8699    0.8217    0.8451      1733
          23     0.7243    0.7729    0.7478      1638
          24     0.9610    0.9671    0.9641      3439
          25     0.4364    0.2154    0.2884      1337
          26     0.8102    0.8939    0.8500      1734
          27     0.4882    0.1954    0.2791       742
          28     0.6986    0.8410    0.7632      1855
          29     0.7932    0.7889    0.7911      1682
          30     0.2442    0.0310    0.0550       677
          31     0.5556    0.0379    0.0709       528
          32     0.7684    0.7385    0.7531      1258
          33     0.9712    0.9677    0.9694      1114
          34     0.8746    0.9138    0.8938      1404
          35     0.8106    0.9034    0.8545      1014
          36     0.8683    0.8901    0.8791      1756
          37     0.9681    0.9189    0.9428      1849
          38     0.5800    0.7029    0.6356       882
          39     0.8569    0.8616    0.8592      1626
          40     0.9142    0.9013    0.9077      3465
          41     0.8311    0.8289    0.8300      1888
          42     0.8217    0.7672    0.7935      1598
          43     0.7835    0.7264    0.7539       603
          44     0.8966    0.9232    0.9097      2122
          45     0.9822    0.8874    0.9324       373
          46     0.7937    0.3817    0.5155       131
          47     0.6278    0.7249    0.6729       498
          48     0.9255    0.8157    0.8671      3044
          49     0.7178    0.8819    0.7914      1448
          50     0.8896    0.9033    0.8964      1293
          51     0.7346    0.4897    0.5877       243
          52     0.8414    0.9023    0.8708      3428
          53     0.5393    0.6922    0.6062      1647
          54     0.9002    0.6782    0.7736      1849
          55     0.0000    0.0000    0.0000       326
          56     0.7508    0.8275    0.7873      1078
          57     0.9445    0.9554    0.9499      1995
          58     0.9689    0.9613    0.9651      1652
          59     0.6803    0.8224    0.7446      1723
          60     0.8988    0.8261    0.8609      1731
          61     0.7954    0.7450    0.7693       694
          62     0.9097    0.9424    0.9258      3248

    accuracy                         0.8142    100000
   macro avg     0.7471    0.7306    0.7249    100000
weighted avg     0.8071    0.8142    0.8046    100000
