Classification Report — TF-IDF
(includes macro avg and weighted avg)
============================================================

              precision    recall  f1-score   support

           0     0.5847    0.7548    0.6589      1884
           1     0.5938    0.8239    0.6902       937
           2     0.8485    0.8058    0.8266      1890
           3     0.0000    0.0000    0.0000         7
           4     0.6276    0.7069    0.6649      1061
           5     0.6591    0.6898    0.6741      3436
           6     0.7981    0.8235    0.8106      1728
           7     0.4307    0.3686    0.3972      3736
           8     0.6977    0.8272    0.7569      3264
           9     0.0000    0.0000    0.0000         3
          10     0.8617    0.8825    0.8720      1856
          11     0.4565    0.4777    0.4669      1593
          12     0.7632    0.7153    0.7385      1893
          13     0.0000    0.0000    0.0000        88
          14     0.9360    0.8764    0.9052      1869
          15     0.8179    0.8484    0.8329       752
          16     0.8388    0.8435    0.8411      1789
          17     0.5680    0.5944    0.5809      1615
          18     0.6107    0.8011    0.6930      2810
          19     0.7152    0.9120    0.8017      1864
          20     0.8612    0.7180    0.7831      1798
          21     0.7145    0.8356    0.7703      1782
          22     0.8321    0.8119    0.8218      1733
          23     0.5003    0.4963    0.4983      1638
          24     0.8730    0.9436    0.9069      3439
          25     0.2602    0.1242    0.1681      1337
          26     0.8064    0.8864    0.8445      1734
          27     0.4110    0.1307    0.1984       742
          28     0.7862    0.6582    0.7165      1855
          29     0.5598    0.6177    0.5873      1682
          30     0.0000    0.0000    0.0000       677
          31     0.0000    0.0000    0.0000       528
          32     0.3900    0.4610    0.4226      1258
          33     0.9555    0.9434    0.9494      1114
          34     0.8397    0.9217    0.8788      1404
          35     0.8959    0.7298    0.8043      1014
          36     0.8407    0.7842    0.8114      1756
          37     0.9572    0.9189    0.9376      1849
          38     0.6062    0.3299    0.4273       882
          39     0.6695    0.8358    0.7434      1626
          40     0.9055    0.9102    0.9079      3465
          41     0.6182    0.5625    0.5890      1888
          42     0.6790    0.6089    0.6420      1598
          43     0.5736    0.5108    0.5404       603
          44     0.7960    0.8789    0.8354      2122
          45     0.9622    0.8874    0.9233       373
          46     0.0000    0.0000    0.0000       131
          47     0.4917    0.1787    0.2622       498
          48     0.8708    0.8124    0.8406      3044
          49     0.6439    0.9116    0.7547      1448
          50     0.8558    0.9041    0.8793      1293
          51     0.6176    0.2593    0.3652       243
          52     0.7760    0.8317    0.8029      3428
          53     0.4683    0.5513    0.5064      1647
          54     0.8477    0.6441    0.7320      1849
          55     0.0000    0.0000    0.0000       326
          56     0.6262    0.5640    0.5935      1078
          57     0.9141    0.9439    0.9287      1995
          58     0.9643    0.9328    0.9483      1652
          59     0.5981    0.7342    0.6592      1723
          60     0.7547    0.8388    0.7945      1731
          61     0.6051    0.4438    0.5121       694
          62     0.9383    0.9039    0.9208      3248

    accuracy                         0.7323    100000
   macro avg     0.6361    0.6304    0.6257    100000
weighted avg     0.7187    0.7323    0.7206    100000
