              precision    recall  f1-score   support

           0       0.85      0.86      0.85      1884
           1       0.64      0.62      0.63       937
           2       0.92      0.90      0.91      1890
           3       0.02      0.43      0.03         7
           4       0.75      0.83      0.79      1061
           5       0.80      0.72      0.76      3436
           6       0.83      0.84      0.83      1728
           7       0.65      0.37      0.47      3736
           8       0.80      0.79      0.79      3264
           9       0.11      1.00      0.20         3
          10       0.94      0.91      0.93      1856
          11       0.70      0.67      0.68      1593
          12       0.89      0.89      0.89      1893
          13       0.28      0.85      0.42        88
          14       0.95      0.94      0.95      1869
          15       0.86      0.94      0.90       752
          16       0.90      0.91      0.91      1789
          17       0.68      0.73      0.70      1615
          18       0.89      0.83      0.86      2810
          19       0.85      0.63      0.72      1864
          20       0.90      0.87      0.89      1798
          21       0.85      0.84      0.85      1782
          22       0.87      0.85      0.86      1733
          23       0.77      0.69      0.73      1638
          24       0.98      0.96      0.97      3439
          25       0.35      0.25      0.29      1337
          26       0.87      0.87      0.87      1734
          27       0.50      0.54      0.52       742
          28       0.80      0.79      0.79      1855
          29       0.76      0.79      0.77      1682
          30       0.15      0.17      0.16       677
          31       0.35      0.68      0.46       528
          32       0.77      0.79      0.78      1258
          33       0.98      0.98      0.98      1114
          34       0.91      0.91      0.91      1404
          35       0.84      0.90      0.87      1014
          36       0.88      0.90      0.89      1756
          37       0.97      0.94      0.95      1849
          38       0.55      0.81      0.66       882
          39       0.89      0.89      0.89      1626
          40       0.93      0.91      0.92      3465
          41       0.85      0.84      0.85      1888
          42       0.75      0.81      0.78      1598
          43       0.68      0.90      0.78       603
          44       0.91      0.92      0.92      2122
          45       0.85      0.95      0.90       373
          46       0.32      0.83      0.47       131
          47       0.58      0.81      0.67       498
          48       0.90      0.86      0.88      3044
          49       0.76      0.87      0.81      1448
          50       0.91      0.91      0.91      1293
          51       0.41      0.73      0.52       243
          52       0.87      0.85      0.86      3428
          53       0.53      0.76      0.63      1647
          54       0.86      0.76      0.81      1849
          55       0.14      0.37      0.20       326
          56       0.78      0.86      0.82      1078
          57       0.94      0.95      0.95      1995
          58       0.97      0.97      0.97      1652
          59       0.73      0.52      0.61      1723
          60       0.89      0.83      0.86      1731
          61       0.64      0.90      0.75       694
          62       0.93      0.93      0.93      3248

    accuracy                           0.81    100000
   macro avg       0.74      0.80      0.75    100000
weighted avg       0.82      0.81      0.81    100000
